111111111111111111111111111111111111111111111111111111111111111111111111111111111111111111111111111111111111111111111111111111111111111111111111111111111111111111111111111111111111111111111111111111111111111111111111111111111111111111111111111111111111111111111111111111111111111111111111111111111111
111111111111111111111111111111111111111111111111111111111111111111111111111111111111111111111111111111111111111111111111111111111111111111111111111111111111111111111111111111111111111111111111111111111111111111111111111111111111111111111111111111111111111111111111111111111111111111111111111111111111
111111111111111111111111111111111111111111111111111111111111111111111111111111111111111111111111111111111111111111111111111111111111111111111111111111111111111111111111111111111111111111111111111111111111111111111111111111111111111111111111111111111111111111111111111111111111111111111111111111111111
111111111111111111111111111111111111111111111111111111111111111111111111111111111111111111111111111111111111111111111111111111111111111111111111111111111111111111111111111111111111111111111111111111111111111111111111111111111111111111111111111111111111111111111111111111111111111111111111111111111111
111111111111111111111111111111111111111111111111111111111111111111111111111111111111111111111111111111111111111111111111111111111111111111111111111111111111111111111111111111111111111111111111111111111111111111111111111111111111111111111111111111111111111111111111111111111111111111111111111111111111
111111111111111111111111111111111111111111111111111111111111111111111111111111111111111111111111111111111111111111111111111111111111111111111111111111111111111111111111111111111111111111111111111111111111111111111111111111111111111111111111111111111111111111111111111111111111111111111111111111111111
111111111111111111111111111111111111111111111111111111111111111111111111111111111111111111111111111111111111111111111111111111111111111111111111111111111111111111111111111111111111111111111111111111111111111111111111111111111111111111111111111111111111111111111111111111111111111111111111111111111111
111111111111111111111111111111111111111111111111111111111111111111111111111111111111111111111111111111111111111111111111111111111111111111111111111111111111111111111111111111111111111111111111111111111555555555555555555555555555555555111111111111111111111111111111111111111111111111111111111111111111
111111111111111111111111111111111111111111111111111111111111111111111111111111111111111111111111111111111111111111111111111111111111111111111111111111111111111111111111111111111155555555555555555555555555555555555555555555555555555555111111111111111111111111111111111111111111111111111111111111111111
111111111111111111111111111111111111111111111111111111111111111111111111111111111111111111111111111111111111111111111111111111111111111111111111111111111111111111111111111111115555555555555555555555555555555555555555555555555555555555111111111111111111111111111111111111111111111111111111111111111111
111111111111111111111111111111111111111111111111111111111111111111111111111111111111111111111111111111111111111111111111111111111111111111111111111111111111111111111111111111155555555555555555555555555555555555555555555555555555555555111111111111111111111111111111111111111111111111111111111111111111
111111111111111111111111111111111111111111111111111111111111111111111111111111111111111111111111111111111111111111111111111111111111111111111111111111111111111111111111111111555555555555555555555555555555555555555555555555555555555555111111111111111111111111111111111111111111111111111111111111111111
111111111111111111111111111111111111111111111111111111111111111111111111111111111111111111111111111111111111111111111111111111111111111111111111111111111111111111111111111111555555555555555555555555555555555555555555555555555555555555111111111111111111111111111111111111111111111111111111111111111111
111111111111111111111111111111111111111111111111111111111111111111111111111111111111111111111111111111111111111111111111111111111111111111111111111111111111111111111111111115555555555555555555555555555555555555555555555555555555555555111111111111111111111111111111111111111111111111111111111111111111
111111111111111111111111111111111111111111111111111111111111111111111111111111111111111111111111111111111111111111111111111111111111111111111111111111111111111111111111111115555555555555555555555555555555555555555555555555555555555555111111111111111111111111111111111111111111111111111111111111111111
111111111111111111111111111111111111111111111111111111111111111111111111111111111111111111111111111111111111111111111111111111111111111111111111111111111111111111111111111115555555555555555555555555555555555555555555555555555555555551111111111111111111111111111111111111111111111111111111111111111111
111111111111111111111111111111111111111111111111111111111111111111111111111111111111111111111111111111111111111111111111111111111111111111111111111111111111111111111111111155555555555555555555555555555555555555555555555555555555555551111111111111111111111111111111111111111111111111111111111111111111
111111111111111111111111111111111111111111111111111111111111111111111111111111111111111111111111111111111111111111111111111111111111111111111111111111111111111111111111111155555555555555555555555555555555555555555555555555555555555551111111111111111111111111111111111111111111111111111111111111111111
111111111111111111111111111111111111111111111111111111111111111111111111111111111111111111111111111111111111111111111111111111111111111111111111111111111111111111111111111155555555555555555555555555555555555555555555555555555555555550000111111111111111111111111111111111111111111111111111111111111111
111111111111111111111111111111111111111111111111111111111111111111111111111111111111111111111111111111111111111111111111111111111111111111111111111111111111111111111111111155555555555555555555555555555555555555555555555555555555555550000000000011111111111111111111111111111111111111111111111111111111
111111111111111111111111111111111111111111111111111111111111111111111111111111111111111111111111111111111111111111111111111111111111111111111111111111111111111111111111111155555555555555555555555555555555555555555555555555555555555500000000000000000111111111111111111111111111111111111111111111111111
111111111111111111111111111111111111111111111111111111111111100000000000000000000000111111111111111111111111111111111111111111111111111111111111111111111111111111111111111155555555555555555555555555555555555555555555555555555555555500000000000000000000111111111111111111111111111111111111111111111111
111111111111111111111111111111111111111111111111111111111110000000000000000000000000001111111111111111111111111111111111111111111111111111111111111111111111111111111111111155555555555555555555555555555555555555555555555555555555555500000000000000000000000111111111111111111111111111111111111111111111
111111111111111111111111111111111111111111111111111111111100000000000000000000000000000001111111111111111111111111111111111111111111111111111111111111111111111111111111111155555555555555555555555555555555555555555555555555555555555500000000000000000000000001111111111111111111111111111111111111111111
111111111111111111111111111111111111111111111111111111110000000000000000000000000000000000011111111111111111111111111111111111111111111111111111111111111111111111111111111155555555555555555555555555555555555555555555555555555555555500000000000000000000000000011111111111111111111111111111111111111111
111111111111111111111111111111111111111111111111111111000000000000000000000000000000000000001111111111111111111111111111111111111111111111111111111111111111111111111111111155555555555555555555555555555555555555555555555555555555555500000000000000000000000000000111111111111111111111111111111111111111
111111111111111111111111111111111111111111111111111100000000000000000000000000000000000000000011111111111111111111111111111111111111111111111111111111111111111111111111111115555555555555555555555555555555555555555555555555555555555500000000000000000000000000000011111111111111111111111111111111111111
111111111111111111111111111111111111111111111111111000000000000000000000000000000000000000000000111111111111111111111111111111111111111111111111111111111111111111111111111115555555555555555555555555555555555555555555555555555555555510000000000000000000000000000000111111111111111111111111111111111111
111111111111111111111111111111111111111111111111110000000000000000000000000000000000000000000000011111111111111111111111111111111111111111111111111111111111111111111111111115555555555555555555555555555555555555555555555555555555555111111000000000000000000000000000011111111111111111111111111111111111
111111111111111111111111111111111111111111111111000000000000000000000000000000000000000000000000001111111111111111111111111111111111111111111111111111111111111111111111111115555555555555555555555555555555555555555555555555555555555111111100000000000000000000000000000111111111111111111111111111111111
111111111111111111111111111111111111111111111110000000000000000000000000000000000000000000000000000111111111111111111111111111111111111111111111111111111111111111111111111115555555555555555555555555555555555555555555555555555555555111111110000000000000000000000000000011111111111111111111111111111111
111111111111111111111111111111111111111111111100000000000000000000000000000000000000000000000000000011111111111111111111111111111111111111111111111111111111111111111111111115555555555555555555555555555555555555555555555555555555555111111111000000000000000000000000000001111111111111111111111111111111
111111111111111111111111111111111111111111111000000000000000000000000000000000000000000000000000000001111111111111111111111111111111111111111111111111111111111111111111111115555555555555555555555555555555555555555555555555555555555111111111100000000000000000000000000000111111111111111111111111111111
111111111111111111111111111111111111111111100000000000000000000000000000000000000000000000000000000001111111111111111111111111111111111111111111111111111111111111111111111115555555555555555555555555555555555555555555555555555555555111111111100000000000000000000000000000001111111111111111111111111111
111111111111111111111111111111000000000000000000000000000000000000000003333333330000000000000000000000111111111111111111111111111111111111111111111111111111111111111111111115555555555555555555555555555555555555555555555555555555555111111111110000000000000000000000000000001111111111111111111111111111
111111111111111111111111111100000000000000000000000000000000000000003333333333333330000000000000000000011111111111111111111111111111111111111111111111111111111111111111111115555555555555555555555555555555555555555555555555555555555111111111111000000000000000000000000000000111111111111111111111111111
111111111111111111111111110000000000000000000000000000000000000033333333333333333333330000000000000000001111111111111111111111111111111111111111111111111111111111111111111115555555555555555555555555555555555555555555555555555555551111111111111000000000000000000000000000000011111111111111111111111111
111111111111111111111111100000000000000000000000000000000000033333333333333333333333333330000000000000001111111111111111111111111111111111111111111111111111111111111111111115555555555555555555555555555555555555555555555555555555551111111111111000000000000000000000000000000011111111111111111111111111
111111111111111111111111000000000000000000000000000000000003333333333333333333333333333333300000000000001111111111111111111111111111111111111111111111111111111111111111111115555555555555555555555555555555555555555555555555555555551111111111111100000000000000000000000000000001111111111111111111111111
111111111111111111111110000000000000000000000000000000033333333333333333333333333333333333333000000000000111111111111111111111111111111111111111111111111111111111111111111111555555555555555555555555555555555555555555555555555555551111111111111100000000000000000000000000000000111111111111111111111111
111111111111111111111100000000000000000000000000000000333333333333333333333333333333333333333330000000000011111111111111111111111111111111111111111111111111111111111111111111555555555555555555555555555555555555555555555555555555511111111111111100000000000000000000000000000000111111111111111111111111
111111111111111111111000000000000000000000000000000003333333333333333333333333333333333333333333300000000011111111111111111111111111111111111111111111111111111111111111111111555555555555555555555555555555555555555555555555555555511111111111111100000000000000000000000000000000011111111111111111111111
111111111111111111111000000000000000000000000000000333333333333333333333333333333333333333333333330000000011111111111111111111111111111111111111111111111111111111111111111111555555555555555555555555555555555555555555555555555555111111111111111110000000000000000000000000000000011111111111111111111111
111111111111111111110000000000000000000000000000003333333333333333333333444444444444443333333333333300000001111111111111111111111111111111111111111111111111111111111111111111555555555555555555555555555555555555555555555555555555111111111111111110000000000000000000000000000000001111111111111111111111
111111111111111111110000000000000000000000000000003333333333333333444444444444444444444443333333333330000000111111111111111111111111111111111111111111111111111111111111111111555555555555555555555555555555555555555555555555555555111111111111111110000000000000000000000000000000000111111111111111111111
111111111111111111100000000000000000000000000000033333333333333444444444444444444444444444443333333333000000111111111111111111111111111111111111111111111111111111111111111111555555555555555555555555555555555555555555555555555551111111111111111110000000000000000000000000000000000111111111111111111111
111111111111111111100000000000000000000000000000033333333333444444444444444444444444444444444433333333000000011111111111111111111111111111111111111111111111111111111111111111555555555555555555555555555555555555555555555555555511111111111111111110000000000000000000000000000000000011111111111111111111
111111111111111111100000000000000000000000000000333333333344444444444444444444444444444444444443333333300000011111111111111111111111111111111111111111111111111111111111111111555555555555555555555555555555555555555555555555555511111111111111111110000000000000000000000000000000000011111111111111111111
111111111111111111100000000000000000000000000000333333334444444444444444444444444444444444444443333333300000001111111111111111111111111111111111111111111111111111111111111111111555555555555555555555555555555555555555555555555511111111111111111110000000000000000000000000000000000001111111111111111111
111111111111111111000000000000000000000000000000333333334444444444444444443333333344444444444444333333300000001111111111111111111111111111111111111111111111111111111111111111111111555555555555555555555555555555555555555555555111111111111111111110000000000000000000000000000000000001111111111111111111
111111111111111111000000000000000000000000000003333333344444444444444433333333333333334444444444333333300000000111111111111111111111111111111111111111111111111111111111111111111111555555555555555555511111111111111115555555551111111111111111111110000000000000000000000000000000000001111111111111111111
111111111111111111000000000000000000000000000003333333444444444444443333333333333333333333333333333333300000000111111111111111111111111111111111111111111111111111111111111111111111555555555555555555511111111111111111111111111111111111111111111110000000000000000000000000000000000000111111111111111111
111111111111111110000000000000000000000000000003333333444444444444333333333333333333333333333333333333300000000111111111111111111111111111111111111111111111111111111111111111111111555555555555555555511111111111111111111111111111111111111111111110000000000000000000000000000000000000111111111111111111
111111111111111110000000000000000000000000000003333333444444444433333333333333333333333333333333333333300000000011111111111111111111111111111111111111111111111111111111111111111111555555555555555555111111111111111111111111111111111111111111111100000000000000000000000000000000000000111111111111111111
111111111111111110000000000000000000000000000003333333444444443333333333333300000000333333333333333333300000000011111111111111111111111111111111111111111111111111111111111111111115555555555555555555111111111111111111111111111111111111111111111100000000000000000000000000000000000000111111111111111111
111111111111111110000000000000000000000000000003333333333333333333333333330000000000000000033333333333000000000001111111111111111111111111111111111111111111111111111111111111111115555555555555555551111111111111111111111111111111111111111111111100000000000000000000000000000000000000011111111111111111
111111111111111110000000000000000000000000000003333333333333333333333333000000000000000000000000000000000000000001111111111111111111111111111111111111111111111111111111111111111115555555555555555551111111111111111111111111111111111111111111111000000000000000000000000000000000000000011111111111111111
111111111111111110000000000000000000000000000000333333333333333333333300000000000000000000000000000000000000000001111111111111111111111111111111111111111111111111111111111111111115555555555555555551111111111111111111111111111111111111111111111000000000000000000000000000000000000000011111111111111111
111111111111111110000000000000000000000000000000333333333333333333333000000000000000000000000000000000000000000000111111111111111111111111111111111111111111111111111111111111111115555555555555555511111111111111111111111111111111111111111111111000000000000000000000000000000000000000011111111111111111
111111111111111110000000000000000000000000000000003333333333333333300000000000000000000000000000000000000000000000111111111111111111111111111111111111111111111111111111111111111115555555555555555511111111111111111111111111111111111111111111110000000000000000000000000000000000000000001111111111111111
111111111111111110000000000000000000000000000000000003333333333333000000000000000000000000000000000000000000000000111111111111111111111111111111111111111111111111111111111111111115555555555555555511111111111111111111111111111111111111111111100000000000000000000000000000000000000000001111111111111111
111111111111111110000000000000000000000000000000000000000000000000000000000000000000000000000000000000000000000000111111111111111111111111111111111111111111111111111111111111111115555555555555555111111111111111100000111111111111111111111111100000000000000000000000000000000000000000001111111111111111
111111111111111110000000000000000000000000000000000000000000000000000000000000000000000000000000000000000000000000111111111110000111111111111111111111111111111111111111111111111115555555555555555111111111111110000000000011111111111111111111000000000000000000000000000000000000000000001111111111111111
111111111111111110000000000000000000000000000000000000000000000000000000000000000000000000000000000000000000000000111100000000000000000111144444444111111111111111111111111000000000555555555555551111111111111100000000000000111111111111111100000000000000000000000000000000000000000000000111111111111111
111111111111111100000000000000000000000000000000000000000000000000000000000000000000000000000000000000000000000000000000000000000000000014444444444411111111111111111100000000000000055555555555551111111111110000000000000000000111111111111000000000000000000000000000000000000000000000000111111111111111
111111111111111100000000000000000000000000000000000000000000000000000000000000000000000000000000000000000000000000000000000000000000003344444444444441111111111000000000000000000000000000000000000001111111000000000000000000000001111111000000000000000000000000000000000000000000000000000111111111111111
111111111111111000000000000000000000000000000000000000000000000000000000000000000000000000000000000000000000000000000000000000000000033444444444444444100000000000000000000000000000000000000000000000001110000000000000000000000000000000000000000000000000000000000000000000000000000000000111111111111111
111111111111111000000000000000000000000000000000000000000000000000000000000000000000000000000000000000000000000000000000000000000000333444444444444444333000000000000000000000000000000000000000000000000000000000000000000000000000000000000000000000000000000000000000000000000000000000000111111111111111
111111111111111000000000000000000000000000000000000000000000000000000000000000000000000000000000000000000000000000000000000000000003334444444444444444433000000000000000000000000000000000000000000000000000000000000000000000000000000000000000000000000000000000000000000000000000000000000011111111111111
111111111111111000000000000000000000000000000000000000000000000000000000000000000000000000000000000000000000000000000000000000000003334444444444444444433300000000000000000000000000000000000000000000000000000000000000000000000000000000000000000000000000000000000000000000000000000000000011111111111111
111111111111110000000000000000000000000000000000000000000000800000000000000000000000000000000000000000000000000000000000000000000033334444444444444444443330000000000000000000000000000000000000000000000000000000000000000000000000000000000000000000000000000000000000000000000000000000000011111111111111
111111111111110000000000000000000000000000000000000000000000000000000000000000000000000000000000000000000000000000000000000000000333344444444444444444443330000000000000000000000000000000000000000000000000000000000000000000000000000000000000000000000000000000000000000000000000000000000011111111111111
111111111111110000000000000000000000000000000000000000000000000000000000000000000000000000000000000000000000000000000000000000000333344444444444444444443330000000000000000000000000000000000000000000000000000000000000000000000000000000000000000000000000000000000000000000000000000000000011111111111111
111111111111110000000000000000000000000000000000000000000000000000000000000000000000000000000000000000000000000000080000000000000333344444444444444444443333000000000000000000000000000000000000000000000000000000000000000000000000000000000000000000000000000000000000000000000000000000000011111111111111
111111111111110000000000000000000000000000000000000000000000000000000000000000000000000000000000000000000000000000000000000000000333344444444444444444443333000000000000000000000000000000000000000000000000000000000000000000000000000000000000000000000000000000000000000000000000000000000011111111111111
111111111111110000000000000000000000000000000000000000000000000000000000000000000000000000000000000000000000000000000000000000000333344444444444444444443333000000000000000000000000000000000000000000000000000000000000000000000000000000000000000000000000000000000000000000000000000000000001111111111111
111111111111100000000000000000000000003333333000000000000000000000000000000000000000000000000000000000000000000000000000000000003333344444444444444444443333000000000000000000000000000000000000000000000000000000000000000000000000000000000000000000000000000000000000000000000000000000000001111111111111
111111111111100000000000000000000003333333333300000000000000000000000000000000000000000000000000000000000000000000000000000000003333344444444444444444443333000000000000000000000000000000000000000000000000000000000000000000000000000000000000000000000000000000000000000000000000000000000001111111111111
111111111111100000000000000000000033333333333333000000000000000000000000000000000000000000000000000000000000000000000000000000003333344444444444444444443333000000000000000000000000000000000000000000000000000000000000000000000000000000000000000000000000000000000000000000000000000000000001111111111111
111111111111100000000000000000000033333333333333300000000000000000000000000000000000000000000000000000000000000000000000000000003333344444444444444444443333000000000000000000000000000000000000000000000000000000000000000000000000000000000000000000000000000000000000000000000000000000000001111111111111
111111111111100000000000000000000333333333333333330000000000000000000000000000000000000000000000000000000000000000000000000000003333344444444444444444443333000000000000000000000000000000000000000000000000000000000000000000000000000000000000000000000000000000000000000000000000000000000001111111111111
111111111111100000000000000000003333333333333333330000000000000000000000000000000000000000000000000000000000000000000000000000033333344444444444444444443333000000000000000000000000000000000000000000000000000000000000000000000000000000000000000000000000000000000000000000000000000000000000111111111111
111111111111100000000000000000003333333333333333333000000000000000000000000000000000000000000000000000060000000000000000000000033333344444444444444444433333000000000000000000000000000000000000000000000000000000000000000000000000000000000000000000000000000000000000000000000000000000000000111111111111
111111111111100000000000000000003333333333333333333000000000000000000000000000000000000000000000000000000000000000000000000000333333444444444444444444433333000000080000000000000000000000000000000000000000000000000000000000000000000000000000000000000000000000000000000000000000000000000000111111111111
111111111111100000000000000000033333333333333333333300000000000000000000000000000000000000000000000000000000000000000000000003333333444444444444444444433333000000000000000000000000000000000000000000000000000000000000000000000000000000000000000000000000000000000000000000000000000000000000111111111111
111111111111100000000000000000033333333333333333333300000000000000000000000000000000000000000000000000000000000000000000000333333334444444444444444444433333000000000000000000000000000000000000000000000000000000000000000000000000000000000000000000000000000000000000000000000000000000000000111111111111
111111111111100000000000000000033333333333333333333300000000000000000000000000000000000000000000000000000000000000000000033333333334444444444444444444333333000000000000000000000000000000000000000000000000000000000000000000000000000000000000000000000000000000000000000000000000000000000000111111111111
111111111111100000000000000000033333333333333333333330000000000000000000000000000000000000000000000000000000000000000000333333333444444444444444444444333333000000000000000000000000000000000000000000000000000000000000000000000000000000000000000000000000000000000000000000000000000000000000111111111111
111111111111100000000000000000033333333333333333333330000000000000000000000000000000000000000000000000000000000000000000333333334444444444444444444444333333000000000000000000000000000000000000000000000000000000000000000000000000000000000000000000000000000000000000000000000000000000000000111111111111
111111111111000000000000000000033333333333333333333330000000000000000000000000000000000000000000000000000000000000000003333333344444444444444444444444333333000000000000000000000000000000000000000000000000000000000000000000000000000000000000000000000000000000000000000000000000000000000000011111111111
111111111111000000000000000000003333333333333333333330000000000000000000000000000000000000000000000000000000000000000003333333444444444444444444444443333333000000000000000000000000000000000000000000000000000000000000000000000000000000000000000000000000000000000000000000000000000000000000011111111111
111111111111000000000000000000003333333333333333333330000000000000000000000000000000000000000000000000000000000000000033333344444444444444444444444443333333000000000000000000000000000000000000000000000000000000000000000000000000000000000000000000000000000000000000000000000000000000000000011111111111
111111111110000000000000000000003333333333333333333330000000000000000000000000000000000000000000000000000000000000000033344444444444444444444444444443333330000000000000000000000000000000000000000000000000000000000000000000000000000000000000000000000000000000000000000000000000000000000000011111111111
111111111110000000000000000000000333333333333333333330000000000000000000000000000000000000000000000000000000000000000334444444444444444444444444444433333330000000000000000000000000000000000000000000000000000000000000000000000000000000000000000000000000000000000000000000000000000000000000011111111111
111111111110000000000000000000000333333333333333333300000000000000000000000000000000000000000000000000000000000000000444444444444444444444444444444333333300000000000000000000000000000000000000000000000000000000000000000000000000000000000000000000000000000000000000000000000000000000000000011111111111
111111111100000000000000000000000033333333333333333300000000000000000000000000000000000000000000000000000000000000000444444444444444444444444444444333333300000000000000000000000000000000000000000000000000000000000000000000000000000000000000000000000000000000000000000000000000000000000000011111111111
111111111100000000000000000000000033333333333333333300000000000000000000000000000000000000000000000000000000000000000444444444444444444444444444433333333000000000000000000000000000000000000000000000000000000000000000000000000000000000000000000000000000000000000000000000000000000000000000011111111111
111111111100000000000000000000000033333333333333333000000000000000000000000000000000000000000000000000000000000000000444444444444444444444444444333333330000000000000000000000000000000000000000000000000000000000000000000000000000000000000000000000000000000000000000000000000000000000000000001111111111
111111111100000000000000000000000003333333333333333000000000000000000000000000000000000000000000000000000000000000000444444444444444444444443333333333000000000000000000000000000000000000000000000000000000000000000000000000000000000000000000000000000000000000000000000000000000000000000000001111111111
111111111100000000000000000000000003333333333333330000000000000000000000000000000000000000000000000000000000000000000044444444444444111111111111111111000000000000000000000000000000000000000000000000000000000000000000000000000000000000000000000000000000000000000000000000000000000000000000001111111111
111111111100000000000000000000000003333333333333330000000000000000000000000000000000000000000000000000000000000000000011111111111111111111111111111111000000000000000000000000000000000000000000000000000000000000000000000000000000000000000000000000000000000000000000000000000000000000000000001111111111
111111111100000000000000000000000003333333333333330000000000000000000000000000000000000000000000000000000000000000000011111111111111111111111111111111100000000000000000000000000000000000000000000000000000000000000000000000000000000000000000000000000000000000000000000000000000000000000000001111111111
111111111100000000000000000000000003333333333333300000000000000000000000000000000000000000000000000000000000000000000011111111111111111111111111111111110000000000000000000000000000000000000000000000000000000000000000000000000000000000000000000000000000000000000000000000000000000000000000001111111111
111111111100000000000000000000000000333333333333000000000000000000000000000000000000000000000000000000000000000000000111111111111111111111111111111111111100000000000000000000000000000000000000000000000000000000000000000000000000000000000000000000000000000000000000000000000000000000000000001111111111
111111111100000000000000000000000000333333333330000000000000000000000000000000000000000000000000000000000000000000000111111111111111111111111111111111111110000000000000000000000000000000000000000000000000000000000000000000000000000000000000000000000000000000000000000000000000000000000000001111111111
111111111100000000000000000000000000333333333300000000000000000000000000000000000000000000000000000000000000000000000111111111111111111111111111111111111111000000000000000000000000000000000000000000000000000000000000000000000000000000000000000000000000000000000000000000000000000000000000000111111111
111111111100000000000000000000000000033333300000000000000000000000000000000000000000000000000000000000000000000000000111111111111111111111111111111111111111110000000000000000000000000000000000000000000000000000000000000000000000000000000000000000000000000000000000000000000000000000000000000111111111
111111111100000000000000000000000000000000000000000000000000000000000000000000000000000000000011000000000000000000001111111111111111111111111111111111111111111100000000000000000000000000000000000000000000000000000000000000000000000000000000000000000000000000000000000000000000000000000000000111111111
111111111100000000000000000000000000000000000000000000000000000000000000000000000000000000000111100000000000000000111111111111111111111111111111111111111111111111100000000000000000000000000000000000000000000000000000000000000000000000000000000000000000000000000000000000000000000000000000000111111111
111111111100000000000000000000000000000000000000000000000000000000000000000000000000000000001111111000000000001111111111111111111111111111111111111111111111111111111110000000000000000000000000000000000000000000000000000000000000000000000000000000000000000000000000000000000000000000000000000111111111
111111111100000000000000000000000000000000000000000000000000000000000000000000000000000000011111111111122111111111111111111111111111111111111111111111111111111111111111111000000000000000000000001110000000000000000000000000000000000000000000000000000000000000000000000000000000000000000000000111111111
111111111100000000000000000000000000000000000000000000000000000000000000000000000000000000111111111111122111111111111111111111111111111111111111111111111111111111111111111111111100000000000011111110000000000000000000000000000000000000000000000000000000000000000000000000000000000000000000000111111111
111111111100000000000000000000000000000000000000000000000000000000000000000000000000000011111111111111122111111111111111111111111111111111111111111111111111111111111111111111111111111111111111111111000000000000000000000000000000000000000000000000000000000000000000000000000000000000000000000111111111
111111111100000000000000000000000000000000000000000000000011111100000000000000000000011111111111111111122111111111111111111111111111111111111111111111111111111111111111111111111111111111111111111111110000000000000000000000000000000000000000000000000000000000000000000000000000000000000000000111111111
111111111100000000000000000000000000000000000000000001111111111111111111111111111111111111111111111111122111111111111111111111111111111111111111111111111111111111111111111111111111111111111111111111111000000000000000000000000000000000000000000000000000000000000000000000000000000000000000000111111111
111111111100000000000000000000000000000000000000000111111111111111111111111111111111111111111111111111122111111111111111111111111111111111111111111111111111111111111111111111111111111111111111111111111100000000000000000000000000000000000000000000000000000000000000000000000000000000000000000111111111
111111111100000000000000000000000000000000000000001111111111111111111111111111111111111111111111111111122111111111111111111111111111111111111111111111111111111111111111111111111111111111111111111111111111000000000000000000000000000000000000000000000000000000000000000000000000000000000000000111111111
111111111100000000000000000000000000000000000000011111111111111111111111111111111111111111111111111111122111111111111111111111111111111111111111111111111111111111111111111111111111111111111111111111111111100000000000000000000000000000000000000000000000000000000000000000000000000000000000000111111111
111111111100000000000000000000000000000000000000111111111111111111111111111111111111111111111111111111122111111111111111111111111111111111111111111111111111111111111111111111111111111111111111111111111111110000000000000000000000000000000000000000000000000000000000000000000000000000000000000111111111
111111111100000000000000000000000000000000000000111111111111111111111111111111111111111111111111111111122111111111111111111111111111111111111111111111111111111111111111111111111111111111111111111111111111110000000000000000000000000000000000000000000000000000000000000000000000000000000000000111111111
111111111100000000000000000000000000000000000001111111111111111111111111111111111111111111111111111111122111111111111111111111111111111111111111111111111111111111111111111111111111111111111111111111111111111000000000000000000000000000000000000000000000000000000000000000000000000000000000000111111111
111111111100000000000000000000000000000000000001111111111111111111111111111111111111111111111111111111177111111111111111111111111111111111111111111111111111111111111111111111111111111111111111111111111111111100000000000000000000000000000000000000000000000000000000000000000000000000000000000111111111
111111111100000000000000000000000000000000000001111111111111111111111111112222222222222221222222222222222222222222221222222222222222111111111111111111111111111111111111111111111111111111111111111111111111111110000000000000000000000000000000000000000000000000000000000000000000000000000000000111111111
111111111100000000000000000000000000000000000011111111111111111111111111112222222222222221222222222222222222222222221222222222222222111111111111111111111111111111111111111111111111111111111111111111111111111110000000000000000000000000000000000000000000000000000000000000000000000000000000000111111111
111111111100000000000000000000000000000000000011111111111111111111111111112222222222222221222222222222222222222222221222222222222222111111111111111111111111111111111111111111111111111111111111111111111111111111000000000000000000000000000000000000000000000000000000000000000000000000000000000111111111
111111111100000000000000000000000000000000000111111111111111111111111111112222222222222221222222222222222222222222221222222222222222111111111111111111111111111155555555555511111111111111111111111111111111111111000000000000000000000000000000000000000000000000000000000000000000000000000000000111111111
111111111110000000000000000000000000000000000111111111111111111111111111112222222222222221222222222222222222222222221222222222222222111111111111111111111111111155555555555555511111111111111111111111111111111111100000000000000000000000000000000000000000000000000000000000000000000000000000000111111111
111111111110000000000000000000000000000000000111111111111111111111111111112222222222222221222222222222222222222222221222222222222222111111111111111111111111111555555555555555551111111111111111111111111111111111100000000000000000000000000000000000000000000000000000000000000000000000000000000111111111
111111111110000000000000000000000000000000001111111111111111111111111111112222222222222227222222222222222222222222227222222222222222111111111111111111111111111555555555555555555111111111111111111111111111111111100000000000000000000000000000000000000000000000000000000000000000000000000000000111111111
111111111110000000000000000000000000000000001111111111111111111111111111112222222222222227222222222222222222222222227222222222222222111111111111111111111111111555555555555555555511111111111111111111111111111111110000000000000000000000000000000000000000000000000000000000000000000000000000000111111111
111111111111000000000000000000000000000000001111111111111111111111111111112222222222222221222222222222222222222222221222222222222222111111111111111111111111115555555555555555555551111111111111111111111111111111110000000000000000000000000000000000000000000000000000000000000000000000000000000111111111
111111111111000000000000000000000000000000001111111111111111111111111111112222222222222221222222222222222222222222221222222222222222111111111111111111111111115555555555555555555555111111111111111111111111111111110000000000000000000000000000000000000000000000000000000000000000000000000000000111111111
111111111111000000000000000000000000000000011111111111111111111111111111112222222222222221222222222222222222222222221222222222222222111111111111111111111111155555555555555555555555511111111111111111111111111111111000000000000000000000000000000000000000000000000000000000000000000000000000000111111111
111111111111100000000000000000000000000000011111111111111111111111111111112222222222222221222222222222222222222222221222222222222222111111111111111111111111155555555555555555555555551111111111111111111111111111111000000000000000000000000000000000000000000000000000000000000000000000000000000111111111
111111111111100000000000000000000000000000111111111111111111111111111111112222222222222221222222222222222222222222221222222222222222111111111111111111111111155555555555555555555555551111111111111111111111111111111000000000000000000000000000000000000000000000000000000000000000000000000000000111111111
111111111111110000000000000000000000000000111111111111111111111111111111112222222222222221222222222222222222222222221222222222222222111111111111111111111111555555555555555555555555555111111111111111111111111111111100000000000000000000000000000000000000000000000000000000000000000000000000000111111111
111111111111110000000000000000000000000000111111111111111111111111111111112222222222222221222222222222222222222222221222222222222222111111111111111111111115555555555555555555555555555111111111111111111111111111111100000000000000000000000000000000000000000000000000000000000000000000000000000111111111
111111111111111000000000000000000000000001111111111111111111111111111111112222222222222221111111111111177111111111111111111111111111111111111111111111111115555555555555555555555555555511111111111111111111111111111100000000000000000000000000000000000000000000000000000000000000000000000000000111111111
111111111111111000000000000000000000000001111111111111111111111111111111112222222222222221222222222222222222222222221111111111111111111111111111111111111155555555555555555555555555555511111111111111111111111111111100000000000000000000000000000000000000000000000000000000000000000000000000000111111111
111111111111111000000000000800000000000011111111111111111111111111111111112222222222222221222222222222222222222222221111111111111111111111111111111111111155555555555555555555555555555511111111111111111111111111111100000000000000000000000000000000000000000000000000000000000000000000000000001111111111
111111111111111000000000000000000000000111111111111111111111111111111111112222222222222221222222222222222222222222221111111111111111111111111111111111115555555555555555555555555555555511111111111111111111111111111110000000000000000000000000000000000000000000000000000000000000000000000000001111111111
111111111111111000000000000000000000000111111555555551111111111111111111112222222222222221222222222222222222222222221111111111111111111111111111111111155555555555555555555555555555555551111111111111111111111111111110000000000000000000000000000000000000000000000000000000000000000000000000001111111111
111111111111111100000000000000000000005555555555555555551111111111111111112222222222222221222222222222222222222222221111111111111111111111111111111115555555555555555555555555555555555551111111111111111111111111111110000000000000000000000000000000000000000000000000000000000000000000000000001111111111
111111111111111100000000000000000000055555555555555555555551111111111111112222222222222221222222222222222222222222221111111111111111111111111111155555555555555555555555555555555555555551111111111111111111111111111111000000000000000000000000000000000000000000000000000000000000000000000000001111111111
111111111111111100000000000000000000055555555555555555555555511111111111112222222222222221222222222222222222222222221111111111111111111111111115555555555555555555555555555555555555555551111111111111111111111111111111000000000000000000000000000000000000000000000000000000000000000000000000001111111111
111111111111111100000000000000000000555555555555555555555555551111111111112222222222222221222222222222822222222222221111111111111111111111111155555555555555555555555555555555555555555551111111111111111111111111111111000000000000000000000000000000000000000000080000000000000000000000000000001111111111
111111111111111100000000000000000005555555555555555555555555555111111111112222222222222227222222222222222222222222221111111111111111111111111555555555555555555555555555555555555555555551111111111111111111111111111111100000000000000000000000000000000000000000000000000000000000000000000000001111111111
111111111111111110000000000000000555555555555555555555555555555511111111112222222222222227222222222222222222222222221111111111111111111111115555555555555555555555555555555555555555555551111111111111111111111111111111100000000000000000000000000000000000000000000000000000000000000000000000001111111111
111111111111111111100000000000055555555555555555555555555555555551111111112222222222222221222222222222222222222222221111111111111111111111115555555555555555555555555555555555555555555551111111111111111111111111111111110000000000000000000000000000000000000000000000000000000000000000000000001111111111
111111111111111111111111115555555555555555555555555555555555555555111111112222222222222221222222222222222222222222221111111111111111111111115555555555555555555555555555555555555555555551111111111111111111111111111111110000000000000000000000000000000000000000000000000000000000000000000000001111111111
111111111111111111111111115555555555555555555555555555555555555555111111112222222222222221222222222222222222222222221111111111111111111111155555555555555555555555555555555555555555555551111111111111111111111111111111111000000000000000000000000000000000000000000000000000000000000000000000001111111111
111111111111111111111111155555555555555555555555555555555555555555111111112222222222222221222222222222222222222222221111111111111111111111155555555555555555555555555555555555555555555551111111111111111111111111111111111100000000000000000000000000000000000000000000000000000000000000000000001111111111
111111111111111111111111155555555555555555555555555555555555555555111111112222222222222221222222222222222222222222221111111111111111111111155555555555555555555555555555555555555555555551111111111111111111111111111111111100000000000000000000000000000000000000000000000000000000000000000000011111111111
111111111111111111111111155555555555555555555555555555555555555555111111111111111111111111111111111111177111111111111111111111111111111111155555555555555555555555555555555555555555555551111111111111111111111111111111111110000000000000000000000000000000000000000000000000000000000000000000011111111111
111111111111111111111111155555555555555555555555555555555555555555111111111111111111111111111111111155555551111111111111111111111111111111555555555555555555555555555555555555555555555551111111111111111111111111111111111110000000000000000000000000000000000000000000000000000000000000000000011111111111
111111111111111111111111555555555555555555555555555555555555555555111111111111111111111111111111111155555551111111111111111111111111111111555555555555555555555555555555555555555555555551111111111111111111111111111111111111000000000000000000000000000000000000000000000000000000000000000000011111111111
111111111111111111111111555555555555555555555555555555555555555555111111111111111111111111111111111555555551111111111111111111111111111111555555555555555555555555555555555555555555555551111111111111111111111111111111111111100000000000000000000000000000000000000000000000000000000000000000011111111111
111111111111111111111111555555555555555555555555555555555555555551111111111111111111111111111111111555555551111111111111111111111111111111555555555555555555555555555555555555555555555551111111111111111111111111111111111111110000000000000000000000000000000000000000000000000000000000000000011111111111
111111111111111111111111555555555555555555555555555555555555555551111111111111111111111111111111111555555551111111111111111111111111111111555555555555555555555555555555555555555555555511111111111111111111111111111111111111111100000000000000000000000000000000000000000000000000000000000000011111111111
111111111111111111111111555555555555555555555555555555555555555551111111111111111111111111111111115555555511111111111111111111111111111111555555555555555555555555555555555555555555555511111111111111111111111111111111111111111110000000000000000000000000000000000000000000000000000000000000011111111111
111111111111111111111115555555555555555555555555555555555555555551111111111111111111111111111111115555555511111111111111111111111111111115555555555555555555555555555555555555555555555111111111111111111111111111111111111111111111000000000000000000000000000000000000000000000000000000000000111111111111
111111111111111111111115555555555555555555555555555555555555555551111111111111111111111111111111115555555511111111111111111111111111111115555555555555555555555555555555555555555555555111111111111111111111111111111111111111111111110000000000000000000000000000000000000000000000000000000000111111111111
111111111111111111111115555555555555555555555555555555555555555551111111111111111111111111111111115555555511111111111111111111111111111115555555555555555555555555555555555555555555555111111111111111111111111111111111111111111111111100000000000000000000000000000000000000000000000000000000111111111111
111111111111111111111115555555555555555555555555555555555555555551111111111111111111111111111111115555555511111111111111111111111111111115555555555555555555555555555555555555555555551111111111111111111111111111111111111111111111111111000000000000000000000000000000000000000000000000000000111111111111
111111111111111111111155555555555555555555555555555555555555555555111111111111111111111111111111115555555511111111111111111111111111111115555555555555555555555555555555555555555555551111111111111111111111111111111111111111111111111111110000000000000000000000000000000000000000000000000001111111111111
111111111111111111111155555555555555555555555555555555555555555555111111111111111111111111111111115555555511111111111111111111111111111115555555555555555555555555555555555555555555511111111111111111111111111111111111111111111111111111111110000000000000000000000000000000000000000000000001111111111111
111111111111111111111155555555555555555555555555555555555555555555111111111111111111111111111111115555555511111111111111111111111111111155555555555555555555555555555555555555555555511111111111111111111111111111111111111111111111111111111111110000000000000000000000000000000000000000000011111111111111
111111111111111111111155555555555555555555555555555555555555555555511111111111111111111111111111155555555111111111111111111111111111111155555555555555555555555555555555555555555555511111111111111111111111111111111111111111111111111111111111111110000000000000000000000000000000000000000011111111111111
111111111111111111111555555555555555555555555555555555555555555555511111111111111111111111111111155555555111111111111111111111111111111155555555555555555555555555555555555555555555511111111111111111111111111111111111111111111111111111111111111111110000000000000000000000000000000000000111111111111111
111111111111111111111555555555555555555555555555555555555555555555551111111111111111111111111111155555555111111111111111111111111111111555555555555555555555555555555555555555555555111111111111111111111111111111111111111111111111111111111111111111111000000000000000000000000000000000000111111111111111
111111111111111111111555555555555555555555555555555555555555555555551111111111111111111111111111155555555111111111111111111111111111111555555555555555555555555555555555555555555555111111111111111111111111111111111111111111111111111111111111111111111000000000000000000000000000000000001111111111111111
111111111111111111111555555555555555555555555555555555555555555555555111111111111111111111111111555555555111111111111111111111111111111555555555555555555555555555555555555555555555111111111111111111111111111111111111111111111111111111111111111111111100000000000000000000000000000000011111111111111111
111111111111111111111555555555555555555555555555555555555555555555555511111111111111111111111111555555551111111111111111111111111111115555555555555555555555555555555555555555555555111111111111111111111111111111111111111111111111111111111111111111111100000000000000000000000000000000111111111111111111
111111111111111111111555555555555555555555555555555555555555555555555555111111111111111111111115555555551111111111111111111111111111115555555555555555555555555555555555555555555555111111111111111111111111111111111111111111111111111111111111111111111100000000000000111111111111111111111111111111111111
111111111111111111111555555555555555555555555555555555555555555555555555511111111111111111111155555555551111111111111111111111111111155555555555555555555555555555555555555555555555111111111111111111111111111111111111111111111111111111111111111111111110000000000001111111111111111111111111111111111111
111111111111111111115555555555555555555555555555555555555555555555555555555511111111111111111555555555551111111111111111111111111111155555555555555555555555555555555555555555555555111111111111111111111111111111111111111111111111111111111111111111111110000000000001111111111111111111111111111111111111
111111111111111111115555555555555555555555555555555555555555555555555555555555555555555555555555555555551111111111111111111111111111555555555555555555555555555555555555555555555555111111111111111111111111111111111111111111111111111111111111111111111111000000000011111111111111111111111111111111111111
111111111111111111115555555555555555555555555555555555555555555555555555555555555555555555555555555555511111111111111111111111111111555555555555555555555555555555555555555555555555111111111111111111111111111111111111111111111111111111111111111111111111000000000111111111111111111111111111111111111111
111111111111111111115555555555555555555555555555555555555555555555555555555555555555555555555555555555551111111111111111111111111115555555555555555555555555555555555555555555555555111111111111111111111111111111111111111111111111111111111111111111111111100000000111111111111111111111111111111111111111
111111111111111111115555555555555555555555555555555555555555555555555555555555555555555555555555555555555511111111111111111111111155555555555555555555555555555555555555555555555555111111111111111111111111111111111111111111111111111111111111111111111111100000001111111111111111111111111111111111111111
111111111111111111115555555555555555555555555555555555555555555555555555555555555555555555555555555555555551111111111111111111111155555555555555555555555555555555555555555555555555111111111111111111111111111111111111111111111111111111111111111111111111110000001111111111111111111111111111111111111111
111111111111111111115555555555555555555555555555555555555555555555555555555555555555555555555555555555555555511111111111111111111555555555555555555555555555555555555555555555555555111111111111111111111111111111111111111111111111111111111111111111111111110000011111111111111111111111111111111111111111
111111111111111111115555555555555555555555555555555555555555555555555555555555555555555555555555555555555555511111111111111111111555555555555555555555555555555555555555555555555555111111111111111111111111111111111111111111111111111111111111111111111111111000011111111111111111111111111111111111111111
111111111111111111115555555555555555555555555555555555555555555555555555555555555555555555555555555555555555551111111111111111115555555555555555555555555555555555555555555555555555111111111111111111111111111111111111111111111111111111111111111111111111111177111111111111111111111111111111111111111111
111111111111111111115555555555555555555555555555555555555555555555555555555555555555555555555555555555555555555111111111111111155555555555555555555555555555555555555555555555555555111111111111111111111111111111111111111111111111111111111111111111111111111222211111111111111111111111111111111111111111
111111111111111111115555555555555555555555555555555555555555555555555555555555555555555555555555555555555555555111111111111111555555555555555555555555555555555555555555555555555555111111111111111111111111111111111111111111111111111111122222222222222222222222222211111111111111111111111111111111111111
111111111111111111115555555555555555555555555555555555555555555555555555555555555555555555555555555555555555555511111111111115555555555555555555555555555555555555555555555555555555111111111111111111111111111111111111111111111111111111122222222222222222222222222211111111111111111111111111111111111111
111111111111111111115555555555555555555555555555555555555555555555555555555555555555555555555555555555555555555511111111111555555555555555555555555555558555555555555555555555555551111111111111111111111111111111111111111111111111111111122222222222222222222222222211111111111111111111111111111111111111
111111111111111111115555555555555555555555555555555555555555555555555555555555555555555555555555555555555555555551111111115555555555555555555555555555555555555555555555555555555551111111111111111111111111111111111111111111111111111111122222222222222222222222222211111111111111111111111111111111111111
111111111111111111115555555555555555555555555555555555555555555555555555555555555555555555555555555555555555555551111115555555555555555555555555555555555555555555555555555555555551111111111111111111111111111111111111111111111111111111122222222222222222222222222211111111111111111111111111111111111111
111111111111111111115555555555555555555555555555555555555555555555555555555555555555555555555555555555555555555551111555555555555555555555555555555555555555555555555555555555555511111111111111111111111111111111111111111111111111111111122222222222222222222222222211111111111111111111111111111111111111
111111111111111111115555555555555555555555555555555555555555555555555555555555555555555555555555555555555555555555555555555555555555555555555555555555555555555555555555555555555111111111111111111111111111111111111111111111111111111111122222222222222222222222222211111111111111111111111111111111111111
111111111111111111115555555555555555555555555555555555555555555555555555555555555555555555555555555555555555555555555555555555555555555555555555555555555555555555555555555555555111111111111111111111111111111111111111111111111111111111122222222222222222222222222211111111111111111111111111111111111111
111111111111111111115555555555555555555555555555555555555555555555555555555555555555555555555555555555555555555555555555555555555555555555555555555555555555555555555555555555551111111111111111111111111111111111111111111111111111111111122222222222222222222222222211111111111111111111111111111111111111
111111111111111111115555555555555555555555555555555555555555555555555555555555555555555555555555555555555555555555555555555555555555555555555555555555555555555555555555555555511111111111111111111111111111111111111111111111111111111111122222222222222222222222222211111111111111111111111111111111111111
111111111111111111111555555555555555555555555555555555555555555555555555555555555555555555555555555555555555555555555555555555555555555555555555555555555555555555555555555555111111111111111111111111111111111111111111111111111111111111122222222222222222222222222211111111111111111111111111111111111111
111111111111111111111555555555555555555555555555555555555555555555555555555555555555555555555555555555555555555555555555555555555555555555555555555555555555555555555555555511111111111111111111111111111111111111111111111111111111111111122222222222222222222222222211111111111111111111111111111111111111
111111111111111111111555555555555555555555555555555555555555555555555555555555555555555555555555555555555555555555555555555555555555555555555555555555555555555555555555555111111111111111111111111111111111111111111111111111111111111111122222222222222222222222222211111111111111111111111111111111111111
111111111111111111111555555555555555555555555555555555555555555555555555555555555555555555555555555555555555555551111111155555555555555555555555555555555555555555555555111111111111111111111111111111111111111111111111111111111111111111122222222222222222222222222211111111111111111111111111111111111111
111111111111111111111555555555555555555555555555555555555555555555555555555555555555555555555555555555555555555511111111111111111111111111155555555555555111111111111111111111111111111111111111111111111111111111111111111111111111111111122222222222222222222222222211111111111111111111111111111111111111
111111111111111111111155555555555555555555555555555555555555555555555555555555555555555555555555555555555555555511111111111111111111111111155555555555551111111111111111111111111111111111111111111111111111111111111111111111111111111111122222222222222222222222222211111111111111111111111111111111111111
111111111111111111111155555555555555555555555555555555555555555555555555555555555555555555555555555555555555555111111111111111111111111111155555555555551111111111111111111111111111111111111111111111111111111111111111111111111111111111122222222222222222222222222211111111111111111111111111111111111111
111111111111111111111155555555555555555555555555555555555555555555555555555555555555555555555555555555555555551111111111111111111111111111155555555555551111111111111111111111111111111111111111111111111111111111111111222222222222222222122222222222222222222222222211111111111111111111111111111111111111
111111111111111111111115555555555555555555555555555555555555555555555555555555555555555555555555555555555555111111111111111111111111111111155555555555511111111111111111111111111111111111111111111111111111111111111111222222222222222222122222222222222222222222222211111111111111111111111111111111111111
111111111111111111111111555555555555555555555555555555555555555555555555555555555555555555555555555555555551111111111111111111111111111111155555555555511111111111111111111111111111111111111111111111111111111111111111222222222222222222122222222222222222222222222211111111111111111111111111111111111111
111111111111111111111111115555555555555555555555555555555555555555555555555555555555555555555555555555555511111111111111111111111111111111155555555555511111111111111111111111111111111111111111111111111111111111111111222222222222222222122222222222222222222222222211111111111111111111111111111111111111
111111111111111111111111111155555555555555555555555555555555555555555555555555555555555555555555555555555111111111111111111111111111111111155555555555511111111111111111111111111111111111111111111111111111111111111111222222222222222222722222222222222222222222222211111111111111111111111111111111111111
111111111111111111111111111111555555555555555555555555555555555555555555555555555555555555555555555555511111111111111111111111111111111111155555555555511111111111111111111111111111111111111111111111111111111111111111222222222222222222722222222222222222222222222211111111111111111111111111111111111111
111111111111111111111111111111111111111111111111111111111111111155555555555555555555555555555555555555111111111111111111111111111111111111155555555555511111111111111111111111111111111111111111111111111111111111111111222222222222222222122222222222222222222222222211111111111111111111111111111111111111
111111111111111111111111111111111111111111111111111111111111111111155555555555555555555555555555555551111111111111111111111111111111111111155555555555111111111111111111111111111111111111111111111111111111111111111111222222222222222222122222222222222222222222222211111111111111111111111111111111111111
111111111111111111111111111111111111111111111111111111111111111111111115555555555555555555555555551111111111111111111111111111111111111111555555555555111111111111111111111111111111111111111111111111111111111111111111222222222222222222122222222222222222222222222211111111111111111111111111111111111111
111111111111111111111111111111111111111111111111111111111111111111111111111555555555555555555555111111111111111111111111111111111111111111555555555555111111111111111111111111111111111111111111111111111111111111111111222222222222222222122222222222222222222222222211111111111111111111111111111111111111
111111111111111111111111111111111111111111111111111111111111111111111111111111111115555555555111111111111111111111111111111111111111111111555555555555111111111111111111111111111111111111111111111111111111111111111111111111771111111111111111111771111111111111111111111111111111111111111111111111111111
111111111111111111111111111111111111111111111111111111111111111111111111111111111111111111111111111111111111111111111111111111111111111111555555555555111111111111111111111111111111111111112222222222222222222222222221222222222222222222222222222222222222111111111111111111111111111111111111111111111111
111111111111111111111111111111111111111111111111111111111111111111111111111111111111111111111111111111111111111111111111111111111111111115555555555551111111111111111111111111111111111111112222222222222222222222222221222222222222222222222222222222222222111111111111111111111111111111111111111111111111
111111111111111111111111111111111111111111111111111111111111111111111111111111111111111111111111111111111111111111111111111111111111111115555555555551111111111111111111111111111111111111112222222222222222222222222221222222222222222222222222222222222222111111111111111111111111111111111111111111111111
111111111111111111111111111111111111111111111111111111111111111111111111111111111111111111111111111111111111111111111111111111111111111155555555555551111111111111111111111111111111111111112222222222222222222222222221222222222222222222222222222222222222111111111111111111111111111111111111111111111111
111111111111111111111111111111111111111111111111111111111111111111111111111111111111111111111111111111111111111111111111111111111111111555555555555511111111111111111111111111111111111111112222222222222222222222222221222222222222222222222222222222222222111111111111111111111111111111111111111111111111
111111111111111111111111111111111111111111111111111111111111111111111111111111111111111111111111111111111111111111111111111111111111111555555555555511111111111111111111111111111111111111112222222222222222222222222221222222222222222222222222222222222222111111111111111111111111111111111111111111111111
111111111111111111111111111111111111111111111111111111111111111111111111111111111111111111111111111111111111111111111111111111111111115555555555555111111111111111111111111111111111111111112222222222222222222222222221222222222222222222222222222222222222111111111111111111111111111111111111111111111111
111111111111111111111111111111111111111111111111111111111111111111111111111111111111111111111111111111111111111111111111111111111111115555555555555111111111111111111111111111111111111111112222222222222222222222222221222222222222222222222222222222222222111111111111111111111111111111111111111111111111
111111111111111111111111111111111111111111111111111111111111111111111111111111111111111111111111111111111111111111111111111111111111155555555555551111111111111111111111111111111111111111112222222222222222222222222221222222222222222222222222222222222222111111111111111111111111111111111111111111111111
111111111111111111111111111111111111111111111111111111111111111111111111111111111111111111111111111111111111111111111111111111111111155555555555551111111111111111111111111111111111111111112222222222222222222222222227222222222222222222222222222222222222111111111111111111111111111111111111111111111111
111111111111111111111111111111111111111111111111111111111111111111111111111111111111111111111111111111111111111111111111111111111111155555555555511111111111111111111111111111111111111111112222222222222222222222222227222222222222222222222222222222222222111111111111111111111111111111111111111111111111
111111111111111111111111111111111111111111111111111111111111111111111111111111111111111111111111111111111111111111111111111111111111105555555555111111111111111111111111111111111111111111112222222222222222222222222221222222222222222222222222222222222222111111111111111111111111111111111111111111111111
111111111111111000000000000000011111111111111111111111111111111111111111111111111111111111111111111111111111111111111111111111111110000555555551111111111111111111111111111111111111111111112222222222222222222222222221222222222222222222222222222222222222111111111111111111111111111111111111111111111111
111111111111100000000000000000000000001111111111111111111111111111111111111111111111111111111111111111111111111111111111111111100000000000000000001111111111111111111111111111111111111111112222222222222222222222222221222222222222222222222222222222222222111111111111111111111111111111111111111111111111
111111111111100000000000000000000000000000000111111111111111111111111111111111111111111111111111111111111111111111111111111100000000000000000000000000111111111111111111111111111111111111112222222222222222222222222221222222222222222222222222222222222222111111111111111111111111111111111111111111111111
111111111111000000000000000000000000000000000000111111111111111111111111111111111111111111111111111111111111111111111111110000000000000000000000000000000111111111111111111111111111111111112222222222222222222222222221222222222222222222222222222222222222111111111111111111111111111111111111111111111111
111111111110000000000000000000000000000000000000001111111111111111111111111111111111111111111111111111111111111111111100000000000000000000000000000000000001111111111111111111111111111111112222222222222222222222222221222222222222222222222222222222222222111111111111111111111111111111111111111111111111
111111111110000000000000000000000000000000000000000011111111111111111111111111111111111111111111111111111111111111110000000000000000000000000000000000000000011111111111111111111111111111112222222222222222222222222221222222222222222222222222222222222222111111111111111111111111111111111111111111111111
111111111100000000000000000000000000000000000000000000011111111111111111111111111111111111111111111111111111111111000000000000000000000000000000000000000000001111111111111111111111111111112222222222222222222222222221222222222222222222222222222222222222111111111111111111111111111111111111111111111111
111111111100000000000000000000000000000000000000000000000001111111111111111111111111111111111111111111111111111000000000000000000000000000000000000000000000000111111111111111111111111111112222222222222222222222222221222222222222222222222222222222222222111111111111111111111111111111111111111111111111
111111111000000000000000000000000000000000000000000000000000000011111111111111111111111111111111111111111110000000000000000000000000000000000000000000000000000011111111111111111111111111112222222222222222222222222221222222222222222222222222222222222222111111111111111111111111111111111111111111111111
111111111000000000000000000000000000000000000000000000000000000000011111111111111111111111111111111110000000000000000000000000000000000000000000000000000000000001111111111111111111111111112222222222222222222222222221222222222222222222222222222222222222111111111111111111111111111111111111111111111111
111111111000000000000000000000000000000000000000000000000000000000000000000111111111111111111100000000000000000000000000000000000000000000000000000000000000000000111111111111111111111111112222222222222222222222222221222222222222222222222222222222222222111111111111111111111111111111111111111111111111
111111110000000000000000000000000000000000000000000000000000000000000000000000000000000000000000000000000000000000000000000000000000000000000000000000000000000000011111111111111111111111112222222222222222222222222221222222222222222222222222222222222222111111111111111111111111111111111111111111111111
111111110000000000000000000000000000000000000000000000000000000000000000000000000000000000000000000000000000000000000000000000000000000000000000000000000000000000000111111111111111111111112222222222222222222222222221222222222222222222222222222222222222111111111111111111111111111111111111111111111111
111111110000000000000000000000000000000000000000000000000000000000000000000000000000000000000000000000000000000000000000000000000000000000000000000000000000000000000011111111111111111111112222222222222222222222222221222222222222222222222222222222222222111111111111111111111111111111111111111111111111
111111100000000000000000000000000000000000000000000000000000000000000000000000000000000000000000000000000000000000000000000000000000000000000000000000000000000000000001111111111111111111112222222222222222222222222221222222222222222222222222222222222222111111111111111111111111111111111111111111111111
111111100000000000000000000000000000000000000000000000000000000000000000000000000000000000000000000000000000000000000000000000000000000000000000000000000000000000000001111111111111111111111111111111177111111111111111222222222222222222222222222222222222111111111111111111111111111111111111111111111111
111111100000000000000000000000000000000000000000000000000000000000000000000000000000000000000000000000000000000000000000000000000000000000000000000000000000000000000000011111111111111111112222222222222222222222222221222222222222222222222222222222222222111111111111111111111111111111111111111111111111
111111100000000000000000000000000000000000000000000000000000000000000000000000000000000000000000000000000000000000000000000000000000000000000000000000000000000000000000000001111111111111112222222222222222222222222221222222222222222222222222222222222222111111111111111111111111111111111111111111111111
111111100000000000000000000000000000000000000000000000000000000000000000000000000000000000000000000000000000000000000000000000000000000000000000000000000000000000000000000000000007222222212222222222222222222222222227222222222222222222222222222222222222111111111111111111111111111111111111111111111111
111111100000000000000000000000000000000000000000000000000000000000000000000000000000000000000000000000000000000000000000000000000000000000000000000000000000000000000000000000000007222222212222222222222222222222222227222222222222222222222222222222222222111111111111111111111111111111111111111111111111
111111100000000000000000000000000000000000000000000000000000000000000000000000000000000000000000000000000000000000000000000000000000000000000000000000000000000000000000000000000001222222272222222222222222222222222221222222222222222222222222222222222222111111111111111111111111111111111111111111111111
111111100000000000000000000000000000000000000000000000000000000000000000000000000000000000000000000000000000000000000000000000000000000000000000000000000000000000000000000000000001222222272222222222222222222222222221222222222222222222222222222222222222111111111111111111111111111111111111111111111111
111111100000000000000000000000000000000000000000000000000000000000000000000000000000000000000000000000000000000000000000000000000000000000000000000000000000000000000000000000000000122222212222222222222222222222222221222222222222222222222222222222222222111111111111111111111111111111111111111111111111
111111100000000000000000000000000000000000000000000000000000000000000000000000000000000000000000000000000000000000000000000000000000000000000000000000000000000000000000000000000000122222212222222222222222222222222221222222222222222222222222222222222222111111111111111111111111111111111111111111111111
111111100000000000000000000000000000000000000000000000000000000000000000000000000000000000000000000000000000000000000000000000000000000000000000000000000000000000000000000000000000112222212222222222222222222222222221222222222222222222222222222222222222111111111111111111111111111111111111111111111111
111111110000000000000000000000000000000000000000000000000000000000000000000000000000000000000000000000000000000000000000000000000000000000000000000000000000000000000000000000000000111111111111111111111111111111111111111111111111177111111111111111111111111111111111111111111111111111111111111111111111
111111110000000000000000000000000000000000000000000000000000000000000000000000000000000000000000000000000000000000000000000000000000000000000000000000000000000000000000000000000000011111111111111111111111111111111111222222222222222222222222222111111111111111111111111111111111111111111111111111111111
111111110000000000000000000000000000000000000000000000000000000000000000000000000000000000000000000000000000000000000000000000000000000000000000000000000000000000000000000000000000011111111111111111111111111111111111222222222222222222222222222111111111111111111111111111111111111111111111111111111111
111111111000000000000000000000000000000000000000000000000000000000000000000000000000000000000000000000000000000000000000000000000000000000000000000000000000000000000000000000000000001111111111111111111111111111111111222222222222222222222222222111111111111111111111111111111111111111111111111111111111
111111111000000000000000000000000000000000000000000000000000000000000000000000000000000000000000000000000000000000000000000000000000000000000000000000000000000000000000000000000000001111111111111111111111111111111111222222222222222222222222222111111111111111111111111111111111111111111111111111111111
111111111000000000000000000000000000000000000000000000000000000000000000000000000000000000000000000000000000000000000000000000000000000000000000000000000000000000000000000000000000000111111111111111111111111111111111222222222222222222222222222111111111111111111111111111111111111111111111111111111111
111111111100000000000000000000000000000000000000000000000000000000000000000000000000000000000000000000000000000000000000000000000000000000000000000000000000000000000000000000000000000111111111111111111111111111111111222222222222222222222222222111111111111111111111111111111111111111111111111111111111
111111111100000000000000000000000000000000000000000000000000000000000000000000000000000000000000000000000000000000000000000000000000000000000000000000000000000000000000000000000000000011111111111111111111111111111111222222222222222222222222222111111111111111111111111111111111111111111111111111111111
111111111110000000000000000000000000000000000000000000000000000000000000000000000000000000000000000000000000000000000000000000000000000000000000000000000008000000000000000000000000000011111111111111111111111111111111222222222222222222222222222111111111111111111111111111111111111111111111111111111111
111111111110000000000000000000000000000000000000000000000000000000000000000000000000000000000000000000000000000000000000000000000000000000000000000000000000000000000000000000000000000001111111111111111111111111111111222222222222222222222222222111111111111111111111111111111111111111111111111111111111
111111111111000000000000000000000000000000000000000000000000000000000000000000000000000000000000000000000000000000000000000000000000000000000000000000000000000000000000000000000000000000111111111111111111111111111111222222222222222222222222222111111111111111111111111111111111111111111111111111111111
111111111111000000000000000000000000000000000000000000000000000000000000000000000000000000000000000000000000000000000000000000000000000000000000000000000000000000000000000000000000000000111111111111111111111111111111222222222222222222222222222111111111111111111111111111111111111111111111111111111111
111111111111100000000000000000000000000000000000000000000000000000000000000000000000000000000000000000000003333330000000000000000000000000000000000000000000000000000000000000000000000000111111111111111111111111111111222222222222222222222222222111111111111111111111111111111111111111111111111111111111
111111111111100000000000000000000000000000000000000000000000000000000000000000000000000000000000000000000033333333333000000000000000000000000000000000000000000000000000000000000000000000011111111111111111111111111111222222222222222222222222222111111111111111111111111111111111111111111111111111111111
111111111111110000000000000000000000000000000000000000000000000000000000000000000000000000000000000000003333333333333333000000000000000000000000000000000000000000000000000000000000000000011111111111111111111111111111222222222222222222222222222111111111111111111111111111111111111111111111111111111111
111111111111111000000000000000000000000000000000000000000000000000000000000000000000000000000000000000033333333333333333330000000000000000000000000000000000000000000000000000000000000000011111111111111111111111111111222222222222222222222222222111111111111111111111111111111111111111111111111111111111
111111111111111100000000000000000000000000000000000000000000000000000000000000000000000000000000000000333333333333333333333300000000000000000000000000000000000000000000000000000000000000011111111111111111111111111111222222222222222222222222222111111111111111111111111111111111111111111111111111111111
111111111111111100000000000000000000000000000000000000000000000000000000000000000000000000000000000000333333333333333333333333300000000000000000000000000000000000000000000000000000000000011111111111111111111111111111222222222222222222222222222111111111111111111111111111111111111111111111111111111111
111111111111111110000000000000000000000000000000000000000000000000000000000000000000000000000000000003333333333333333333333333330000000000000000000000000000000000000000000000000000000000011111111111111111111111111111222222222222222222222222222111111111111111111111111111111111111111111111111111111111
111111111111111110000000000000000000000000000000000000000000000000000000000000000000000000000000000003333333333333333333333333333300000000000000000000000000000000000000000000000000000000111111111111111111111111111111222222222222222222222222222111111111111111111111111111111111111111111111111111111111
111111111111111113000000000000000000000000000000000000000000000000000000000000000000000000000000000033333333333333333333333333333333000000000000000000000000000000000000000000000000000000111111111111111111111111111111222222222222222222222222222111111111111111111111111111111111111111111111111111111111
111111111111111113300000000000000000000000000000000000000000000000000000000000000000000000000000000033333333333333333333333333333333330000000000000000000000000000000000000000000000000000111111111111111111111111111111222222222222222222222222222111111111111111111111111111111111111111111111111111111111
111111111111111113300000000000000000000000000000000080000000000000000000000000000000000000000000000333333333333333333333333333333333333300000000000000000000000000000000000000000000000001111111111111111111111111111111222222222222222222222222222111111111111111111111111111111111111111111111111111111111
111111111111111113330000000000000000000000000000000000000000000000000000000000000000000000000000000333333344444444333333333333333333333333000000000000000000000000000000000000000000000001111111111111111111111111111111222222222222222222222222222111111111111111111111111111111111111111111111111111111111
111111111111111133330000000000000000000000000000000000000000000000000000000000000000000000000000003334444444444444444333333333333333333333300000000000000000000000000000000000000000000011111111111111111111111111111111222222222222222222222222222111111111111111111111111111111111111111111111111111111111
111111111111111133333000000000000000000000000000000000000000000000000000000000000000000000000000033444444444444444444444433333333333333333333000000000000000000000000000000000000000000011111111111111111111111111111111222222222222222222222222222111111111111111111111111111111111111111111111111111111111
111111111111111133333300000000000000000000000000000000000000000000000000000000000000000000000000044444444444444444444444444333333333333333333333000000000000000000000000000000000000000111111111111111111111111111111111222222222222222222222222222111111111111111111111111111111111111111111111111111111111
111111111111111133333330000000000000000000000000000000000000000000000000000000000000000000000000444444444444444444444444444444333333333333333333330000000000000000000000000000000000011111111111111111111111111111111111222222222222222222222222222111111111111111111111111111111111111111111111111111111111
111111111111111133333333333330000000000000000000000000000000000000000333333333000000000000000044444444444444444444444444444444433333333333333333333330000000000000000000000000000000111111111111111111111111111111111111111111111111111111111111111111111111111111111111111111111111111111111111111111111111
111111111111111133333333333333333333300000000000000000000000000000333333333333333000000000000444444444444444444444444444444444444333333333333333333333300000000000000000000000000011111111111111111111111111111111111111111111111111111111111111111111111111111111111111111111111111111111111111111111111111
111111111111111133333333333333333333333333330000000000000000000033333333333333333333333300004444444444444444444444444444444444444433333333333333333333330000000000000000000000011111111111111111111111111111111111111111111111111111111111111111111111111111111111111111111111111111111111111111111111111111
111111111111111133333333333333333333333333333333333300000033333333333333333333333333333333444444444444444444444444444444444444444444433333333333333333333300000000000000000001111111111111111111111111111111111111111111111111111111111111111111111111111111111111111111111111111111111111111111111111111111
111111111111111133333333333333333333333333333333333333333333333333333333333333333333333334444444444444444444444444444444444444444444444333333333333333333333000000000000001111111111111111111111111111111111111111111111111111111111111111111111111111111111111111111111111111111111111111111111111111111111
111111111111111133333333333333333333333333333333333333333333333333333333333333333333333444444444444444444444444444444444444444444444444443333333333333333333330000000001111111111111111111111111111111111111111111111111111111111111111111111111111111111111111111111111111111111111111111111111111111111111
111111111111111133333333333333333333333333333333333333333333333333333333333333333333334444444444444444444444444444444444444444444444444444433333333333333333333333333331111111111111111111111111111111111111111111111111111111111111111111111111111111111111111111111111111111111111111111111111111111111111
111111111111111133333333333333333333333333333333333333333333333333333333333333333333334444444444444444444444444444444444444444444444444444444333333333333333333333333331111111111111111111111111111111111111111111111111111111111111111111111111111111111111111111111111111111111111111111111111111111111111
111111111111111133333333333333333333333333333333333333333333333333333333333333333333344444444444444444444444444444444444444444444444444444444433333333333333333333333311111111111111111111111111111111111111111111111111111111111111111111111111111111111111111111111111111111111111111111111111111111111111
111111111111111113333333333333333333333333333333333333333333333333333333333333333333444444444444444444444444444444444444444444444444444444444443333333333333333333333311111111111111111111111111111111111111111111111111111111111111111111111111111111111111111111111111111111111111111111111111111111111111
111111111111111113333333333333344444433333333333333333333333333333333333333333333333444444444444444444444444444444444444444444444444444444444444433333333333333333333111111111111111111111111111111111111111111111111111111111111111111111111111111111111111111111111111111111111111111111111111111111111111
111111111111111113333333333333444444444443333333333333333333333333333333333333333333444444444444444444444444444444444444444444444444444444444444443333333333333333331111111111111111111111111111111111111111111111111111111111111111111111111111111111111111111111111111111111111111111111111111111111111111
111111111111111113333333333334444444444444444333333333333333333333333333333333333333444444444444444444444444444444444444444444444444444444444444444333333333333333331111111111111111111111111111111111111111111111111111111111111111111111111111111111111111111111111111111111111111111111111111111111111111
111111111111111113333333333344444444444444444444433333333333333333333333333333333344444444444444444444444444444444444444444444444444444444444444444443333333333333311111111111111111111111111111111111111111111111111111111111111111111111111111111111111111111111111111111111111111111111111111111111111111
111111111111111113333333333444444444444444444444444433333333333333333333333333334444444444444444444444444444444444444444444444444444444444444444444444433333333333311111111111111111111111111111111111111111111111111111111111111111111111111111111111111111111111111111111111111111111111111111111111111111
111111111111111111333333334444444444444444444444444444444444444444444444444444444444444444444444444444444444444444444444444444444444444444444444444444443333333333111111111111111111111111111111111111111111111111111111111111111111111111111111111111111111111111111111111111111111111111111111111111111111
111111111111111111333333444444444444444444444444444444444444444444444444444444444444444444444444444444444444444444444444444444444444444444444444444444444333333333111111111111111111111111111111111111111111111111111111111111111111111111111111111111111111111111111111111111111111111111111111111111111111
111111111111111111333334444444444444444444444444444444444444444444444444444444444444444444444444444444444111111111111111111111111111111111111114444444444443333311111111111111111111111111111111111111111111111111111111111111111111111111111111111111111111111111111111111111111111111111111111111111111111
111111111111111111444444444444444444444444444444444444444444444444444444444444444444444444444444411111111111111111111111111111111111111111111111111444444444441111111111111111111111111111111111111111111111111111111111111111111111111111111111111111111111111111111111111111111111111111111111111111111111
111111111111111111114444444444444444444444444444444444444444444444444444444444111111111111111111111111111111111111111111111111111111111111111111111111444444441111111111111111111111111111111111111111111111111111111111111111111111111111111111111111111111111111111111111111111111111111111111111111111111
111111111111111111144441111111111111111111111111111111111111111111111111111111111111111111111111111111111111111111111111111111111111111111111111111111111111111111111111111111111111111111111111111111111111111111111111111111111111111111111111111111111111111111111111111111111111111111111111111111111111
111111111111111111111111111111111111111111111111111111111111111111111111111111111111111111111111111111111111111111111111111111111111111111111111111111111111111111111111111111111111111111111111111111111111111111111111111111111111111111111111111111111111111111111111111111111111111111111111111111111111
